9.744897959183673741e-01 0.000000000000000000e+00 1.020408163265306214e-03 2.040816326530612429e-03 0.000000000000000000e+00 7.142857142857142634e-03 7.142857142857142634e-03 2.040816326530612429e-03 5.102040816326530205e-03 1.020408163265306214e-03
8.810572687224669988e-04 9.770925110132158142e-01 6.167400881057268774e-03 3.524229074889867995e-03 1.762114537444933998e-03 8.810572687224669988e-04 2.643171806167400779e-03 0.000000000000000000e+00 6.167400881057268774e-03 8.810572687224669988e-04
6.782945736434108433e-03 4.844961240310077452e-03 8.837209302325581550e-01 1.841085271317829605e-02 1.162790697674418589e-02 5.813953488372092943e-03 1.453488372093023236e-02 1.841085271317829605e-02 3.391472868217054043e-02 1.937984496124030981e-03
3.960396039603960444e-03 6.930693069306930777e-03 1.386138613861386155e-02 8.821782178217821846e-01 2.970297029702970333e-03 3.267326732673267453e-02 4.950495049504950555e-03 1.386138613861386155e-02 2.970297029702970160e-02 8.910891089108910132e-03
3.054989816700610927e-03 4.073319755600814281e-03 7.128309572301426075e-03 6.109979633401221855e-03 8.879837067209775947e-01 1.018329938900203570e-03 1.018329938900203700e-02 1.629327902240325712e-02 7.128309572301426075e-03 5.702647657841140860e-02
7.847533632286995617e-03 5.605381165919282212e-03 8.968609865470851886e-03 5.493273542600896758e-02 8.968609865470851886e-03 8.531390134529147629e-01 1.457399103139013496e-02 1.345291479820627870e-02 2.242152466367712885e-02 1.008968609865470815e-02
1.043841336116910212e-02 4.175365344467640502e-03 9.394572025052191563e-03 1.043841336116910126e-03 1.252609603340292324e-02 1.252609603340292324e-02 9.415448851774530503e-01 0.000000000000000000e+00 4.175365344467640502e-03 4.175365344467640502e-03
2.918287937743190702e-03 1.167315175097276281e-02 2.821011673151751012e-02 8.754863813229572106e-03 7.782101167315175205e-03 9.727626459143969007e-04 0.000000000000000000e+00 8.900778210116730982e-01 1.070038910505836591e-02 3.891050583657587603e-02
1.437371663244353150e-02 2.053388090349076052e-03 1.232032854209445631e-02 3.182751540041067750e-02 1.334702258726899390e-02 2.464065708418891262e-02 8.213552361396304208e-03 1.437371663244353150e-02 8.603696098562628736e-01 1.848049281314168360e-02
7.928642220019821441e-03 3.964321110009910720e-03 1.982160555004955360e-03 1.090188305252725448e-02 3.369672943508424112e-02 9.910802775024776801e-03 9.910802775024776801e-04 3.567888999008919648e-02 1.387512388503468752e-02 8.810703666997026229e-01
