9.550000000000000000e+02 0.000000000000000000e+00 1.000000000000000000e+00 2.000000000000000000e+00 0.000000000000000000e+00 7.000000000000000000e+00 7.000000000000000000e+00 2.000000000000000000e+00 5.000000000000000000e+00 1.000000000000000000e+00
1.000000000000000000e+00 1.109000000000000000e+03 7.000000000000000000e+00 4.000000000000000000e+00 2.000000000000000000e+00 1.000000000000000000e+00 3.000000000000000000e+00 0.000000000000000000e+00 7.000000000000000000e+00 1.000000000000000000e+00
7.000000000000000000e+00 5.000000000000000000e+00 9.120000000000000000e+02 1.900000000000000000e+01 1.200000000000000000e+01 6.000000000000000000e+00 1.500000000000000000e+01 1.900000000000000000e+01 3.500000000000000000e+01 2.000000000000000000e+00
4.000000000000000000e+00 7.000000000000000000e+00 1.400000000000000000e+01 8.910000000000000000e+02 3.000000000000000000e+00 3.300000000000000000e+01 5.000000000000000000e+00 1.400000000000000000e+01 3.000000000000000000e+01 9.000000000000000000e+00
3.000000000000000000e+00 4.000000000000000000e+00 7.000000000000000000e+00 6.000000000000000000e+00 8.720000000000000000e+02 1.000000000000000000e+00 1.000000000000000000e+01 1.600000000000000000e+01 7.000000000000000000e+00 5.600000000000000000e+01
7.000000000000000000e+00 5.000000000000000000e+00 8.000000000000000000e+00 4.900000000000000000e+01 8.000000000000000000e+00 7.610000000000000000e+02 1.300000000000000000e+01 1.200000000000000000e+01 2.000000000000000000e+01 9.000000000000000000e+00
1.000000000000000000e+01 4.000000000000000000e+00 9.000000000000000000e+00 1.000000000000000000e+00 1.200000000000000000e+01 1.200000000000000000e+01 9.020000000000000000e+02 0.000000000000000000e+00 4.000000000000000000e+00 4.000000000000000000e+00
3.000000000000000000e+00 1.200000000000000000e+01 2.900000000000000000e+01 9.000000000000000000e+00 8.000000000000000000e+00 1.000000000000000000e+00 0.000000000000000000e+00 9.150000000000000000e+02 1.100000000000000000e+01 4.000000000000000000e+01
1.400000000000000000e+01 2.000000000000000000e+00 1.200000000000000000e+01 3.100000000000000000e+01 1.300000000000000000e+01 2.400000000000000000e+01 8.000000000000000000e+00 1.400000000000000000e+01 8.380000000000000000e+02 1.800000000000000000e+01
8.000000000000000000e+00 4.000000000000000000e+00 2.000000000000000000e+00 1.100000000000000000e+01 3.400000000000000000e+01 1.000000000000000000e+01 1.000000000000000000e+00 3.600000000000000000e+01 1.400000000000000000e+01 8.890000000000000000e+02
