1.962893095612525896e+00
1.129984813928604170e+00
8.913162693381309065e-01
7.786638319492340532e-01
7.116095304489136186e-01
6.661076396703720093e-01
6.330663442611694780e-01
6.075503110885620561e-01
5.870751887559890747e-01
5.702197685837745444e-01
5.557269498705863509e-01
5.432997569441795349e-01
5.325487494468689187e-01
5.230703771114348921e-01
5.144584521651267561e-01
5.067977257072925346e-01
4.998472735285758861e-01
4.935338802635669819e-01
4.877757415175437705e-01
4.822544120252132416e-01
4.771850101649761089e-01
4.722829759120941162e-01
4.679036118090152963e-01
4.641306534409522788e-01
4.598843619227409585e-01
4.561744876205920951e-01
4.528781391680240520e-01
4.496516428887843975e-01
4.463473349809646828e-01
4.433850064873695596e-01
4.404490850865840912e-01
4.377098478376865165e-01
4.350816413760185131e-01
4.326475463807583077e-01
4.301568731665611489e-01
4.279977008700370789e-01
4.257402792572975159e-01
4.236413300037383811e-01
4.213503181934356578e-01
4.195022352039813884e-01
4.175062425434589164e-01
4.157087624073028675e-01
4.139273263514041679e-01
4.119713880121708138e-01
4.104503653943538666e-01
4.088821306824684254e-01
4.072669431567191856e-01
4.055477850139140861e-01
4.040979295969009399e-01
4.025816425681114086e-01
4.014637783169746621e-01
3.998993247747421043e-01
3.985290586948394553e-01
3.972278952598571888e-01
3.960055261850357056e-01
3.947471305727958679e-01
3.937031134963035472e-01
3.922908879816532357e-01
3.912739783525466808e-01
3.900732308626174705e-01
3.887780420482158661e-01
3.877066381275653950e-01
3.869632430374622123e-01
3.861012227833270916e-01
3.848955489695072285e-01
3.838961556553840415e-01
3.830746509134769218e-01
3.820167101919650920e-01
3.812074415385723336e-01
3.802964933216571586e-01
3.790043823421001545e-01
3.781526252627372964e-01
3.775549545884132607e-01
3.764617897570133320e-01
3.757465042173862568e-01
3.748325519263744354e-01
3.743060022592544778e-01
3.735340774059295876e-01
3.726076416671276204e-01
3.718465268611907959e-01
3.710931427776813507e-01
3.705475665628910065e-01
3.701337546110153309e-01
3.689680866897105949e-01
3.684076026082038768e-01
3.678908556699752586e-01
3.669927209615707620e-01
3.664807759225368611e-01
3.657423175871372112e-01
3.652566224336624146e-01
3.646701432764530293e-01
3.639958187937736289e-01
3.634810179471969493e-01
3.629297927021980508e-01
3.624563202261924522e-01
3.615758247673511727e-01
3.613795302808284760e-01
3.605790443718433491e-01
3.598371773958206066e-01
3.595167718827724235e-01
3.592835113406181446e-01
3.582779228687286155e-01
3.580294832587241904e-01
3.572871625423431619e-01
3.569387383759021759e-01
3.566798344254493713e-01
3.560165770351886860e-01
3.555158860981464386e-01
3.552693068981170876e-01
3.546779789030551910e-01
3.541569560766220093e-01
3.541806854307651409e-01
3.534460313618182914e-01
3.532320901751518361e-01
3.526584252715110890e-01
3.519345529377460591e-01
3.518743515014648438e-01
3.510554827749728934e-01
3.507320791482925193e-01
3.507358007133006828e-01
3.500106312334537728e-01
3.497239425778388977e-01
3.495790652930736431e-01
3.488060064613819344e-01
3.486715674400329701e-01
3.481627032160758972e-01
3.477982856333255990e-01
3.477885738015175088e-01
3.471922740340233071e-01
3.467295527458190696e-01
3.466544568538665883e-01
3.463373221457004547e-01
3.458320990204811207e-01
3.454982727766037209e-01
3.453471675515175088e-01
3.446595802903175132e-01
3.444187626242637412e-01
3.444290854036807792e-01
3.438995815813541412e-01
3.436100997030734905e-01
3.430829107761382835e-01
3.432368315756321175e-01
3.424714796245098003e-01
3.424458883702755085e-01
3.423604898154735676e-01
3.417937308549880981e-01
3.414576485753059165e-01
3.413142226636409760e-01
3.408290728926658408e-01
3.407363958656787761e-01
3.404313765466213115e-01
3.403297111392021290e-01
3.399405114352703206e-01
3.396172828972339741e-01
3.393348604440689087e-01
3.390742085874080547e-01
3.387387350201606639e-01
3.385807201266288757e-01
3.384624779224395530e-01
3.381431140005588531e-01
3.381125107407569885e-01
3.378333456814289204e-01
3.374890573322772980e-01
3.369351029396057129e-01
3.368710421025752910e-01
3.367697574198246224e-01
3.365265034139156564e-01
3.363005056977271812e-01
3.361880898475647084e-01
3.361278615891933330e-01
3.357898280024528281e-01
3.358767129480838554e-01
3.351889818906784169e-01
3.351921439170837402e-01
3.348467819392680900e-01
3.347390167415141837e-01
3.345684662461280712e-01
3.340475380420684925e-01
3.338953748345375172e-01
3.339286774396896251e-01
3.335029944777488931e-01
3.333633244037628174e-01
3.330408014357090218e-01
3.329162381589412800e-01
3.327045701444149017e-01
3.325331509113311768e-01
3.323999583721161111e-01
3.323283039033412822e-01
3.323044747114181630e-01
3.318953052163123862e-01
3.318163476884364860e-01
3.315727658569812553e-01
3.312682501971721538e-01
3.310473546385764854e-01
3.310045257210731395e-01
3.309473782777786477e-01
3.303810298442840798e-01
3.302973777055740467e-01
3.303279623389244191e-01
3.301994822919368522e-01
3.298717729747295269e-01
3.297437436878681294e-01
3.296001307666301949e-01
3.295877292752266152e-01
3.294479556381702534e-01
3.292539335787296184e-01
3.292881295084953419e-01
3.291165016591549031e-01
3.291001088917255291e-01
3.285413011908531189e-01
3.284936092793941387e-01
3.281031772494316101e-01
3.282732553780078888e-01
3.279712773859501107e-01
3.278499551117420308e-01
3.277132511138916016e-01
3.274895563721657021e-01
3.273281246423721536e-01
3.275642290711403004e-01
3.270775824785232544e-01
3.272193372249603271e-01
3.267488554120063782e-01
3.267689384520053864e-01
3.267801992595195659e-01
3.262817360460757987e-01
3.263524562120437844e-01
3.259060449898242839e-01
3.258738771080970653e-01
3.257105447351932304e-01
3.258946575224399567e-01
3.257201313972473145e-01
3.254606544971466175e-01
3.254453070461750253e-01
3.253441974520683289e-01
3.254896059632301220e-01
3.249497219920158275e-01
3.249645404517650382e-01
3.247838981449603923e-01
3.248846843838691933e-01
3.244674675166606681e-01
3.244491383433342202e-01
3.240908198058605194e-01
3.243768453598022683e-01
3.238316684961318748e-01
3.239640228450298420e-01
3.239607512950897217e-01
3.234537772834301106e-01
3.233035847544670216e-01
3.239104174077510612e-01
3.234999023377895244e-01
3.232079364359378704e-01
3.230854243040084950e-01
3.228606596589088662e-01
3.228930868208408356e-01
3.227359123528003582e-01
3.223628133535385021e-01
3.223374098539352195e-01
3.226140908896922843e-01
3.222774378955364227e-01
3.220432162284850852e-01
3.223089858889579551e-01
3.218448109924793021e-01
3.219899982213973999e-01
3.217695593833923562e-01
3.215999707579612621e-01
3.214721597731113323e-01
3.216490872204303963e-01
3.216117970645427926e-01
3.213499970734119415e-01
3.212599612772464863e-01
3.209127165377140267e-01
3.211325734853744396e-01
3.211316540837287903e-01
3.209212474524975045e-01
3.204495355486869923e-01
3.206496611237525940e-01
3.206859186291694530e-01
3.204487599432468414e-01
3.203284174203872570e-01
3.203652389347553253e-01
3.201719097793102042e-01
3.200850978493690602e-01
3.199479155242442863e-01
3.198460519313812145e-01
3.201680533587932809e-01
3.197929345071315876e-01
3.197012051939964183e-01
3.197060979902744404e-01
3.192222744226455577e-01
3.194387607276439889e-01
3.192844904959201702e-01
3.193792112171650044e-01
3.193111859261989482e-01
3.190037712454795726e-01
3.189188517630100472e-01
3.189528144896030537e-01
3.191035911440849304e-01
3.186713725328445546e-01
3.185420535504818185e-01
3.188267275691032410e-01
3.185173161327838898e-01
3.184443600475788116e-01
3.181290276348590629e-01
3.181310527026653401e-01
3.182442195713520161e-01
3.181064255535602792e-01
3.176605910062789695e-01
3.175314903259277566e-01
3.179193764925002941e-01
3.177893660962581857e-01
3.175060555338859447e-01
3.175157204270362965e-01
3.175769746303558350e-01
3.175888635218143685e-01
3.170847818255424500e-01
3.170990765094757191e-01
3.169090509414672630e-01
3.168729282915592194e-01
3.171560868620872387e-01
3.172381237149238808e-01
3.173340260982513428e-01
3.166896924376487732e-01
3.168096221983432992e-01
3.166126146912574546e-01
3.169425159692764171e-01
3.166494309902191384e-01
3.166382282972335926e-01
3.164367981255054585e-01
3.162651672959327920e-01
3.161953113973140495e-01
3.160781860351562500e-01
3.162195779383182304e-01
3.161481410264969094e-01
3.163050234317779652e-01
3.157584451138973347e-01
3.157832793891429679e-01
3.157762832939624564e-01
3.155180901288986428e-01
3.156995281577110180e-01
3.155719794332981221e-01
3.154849179089069255e-01
3.156506977975368500e-01
3.153982557356357352e-01
3.151616536080837361e-01
3.149909436702728049e-01
3.149865165352821461e-01
3.153037168085575104e-01
3.151912830770015606e-01
3.150150984525680320e-01
3.149625867605209129e-01
3.148620873689651489e-01
3.147778764367103466e-01
3.144387111067771801e-01
3.150236263871192821e-01
3.149102151393890492e-01
3.145839400589466317e-01
3.142288543283939251e-01
3.144681729376316293e-01
3.141010887920856476e-01
3.143336236476897971e-01
3.143385745584964530e-01
3.141876518726348655e-01
3.141804061830043571e-01
3.141050614416599496e-01
3.141001664102077706e-01
3.140903376042842865e-01
3.139913454651832581e-01
3.137471824884414673e-01
3.136143960058689339e-01
3.138294026255607494e-01
3.134424589574337228e-01
3.137731909751891868e-01
3.134583897888660320e-01
3.135962650179863198e-01
3.131132662296295388e-01
3.133921332657337300e-01
3.130700211971998437e-01
3.132426582276821025e-01
3.133209206163883320e-01
3.130358330905437247e-01
3.131589964032173157e-01
3.131372444331645966e-01
3.128475546836853027e-01
3.128905318677425162e-01
3.126924812793731578e-01
3.127996817231178395e-01
3.129116483032703400e-01
3.123781815171241538e-01
3.124576807022094727e-01
3.125746861100197060e-01
3.124548472464084847e-01
3.126027300953865273e-01
3.121594734489917533e-01
3.125800363719463126e-01
3.122686162590980752e-01
3.122660286724567302e-01
3.121811062097549216e-01
3.122993580996989982e-01
3.125657565891742928e-01
3.120019972324371560e-01
3.119807347655296215e-01
3.118835605680942424e-01
3.119167163968086243e-01
3.116280637681484444e-01
3.116760700941085815e-01
3.116909541189670785e-01
3.118022680282592773e-01
3.115143679082393868e-01
3.116366669535636791e-01
3.116223275661468284e-01
3.115494392812251934e-01
3.117004059255122916e-01
3.114948824048042186e-01
3.112052753567695618e-01
3.112044349312782510e-01
3.113862223923206107e-01
3.111577123403549416e-01
3.110600665211677440e-01
3.110406860709190591e-01
3.109900556504726632e-01
3.109811440110206715e-01
3.110633455216884613e-01
3.108267329633235820e-01
3.107922919094562308e-01
3.108637318015098350e-01
3.109649896621703991e-01
3.108059220016002877e-01
3.107612088322639354e-01
3.106531240046024323e-01
3.106357596814632305e-01
3.104621797800063976e-01
3.104641497135162131e-01
3.103922642767429352e-01
3.101896397769451363e-01
3.103913970291614643e-01
3.102408140897751077e-01
3.101528167724609264e-01
3.102730594575405232e-01
3.103096969425678253e-01
3.102718085050583108e-01
3.102172821760177390e-01
3.101279139518737793e-01
3.099300906062126271e-01
3.097051955759525521e-01
3.101731613278388977e-01
3.100103802978992351e-01
3.100477933883666881e-01
3.098451614379882924e-01
3.096514269709587097e-01
3.100968398153781669e-01
3.098108299076557381e-01
3.097434043884277344e-01
3.094208635389804618e-01
3.097078919410705677e-01
3.093805052340030670e-01
3.093477301299571991e-01
3.093289107084274403e-01
3.092102177441120037e-01
3.094359979033470265e-01
3.092882573604583962e-01
3.094442285597324149e-01
3.092043124139308707e-01
3.094174295663833507e-01
3.090078368782996909e-01
3.090530134737491386e-01
3.090192668139934429e-01
3.092178836464881675e-01
3.088728211820125358e-01
3.090729393064975961e-01
3.089556626975536457e-01
3.087186962366104126e-01
3.088619098067283408e-01
3.088123068213463052e-01
3.087515212595463021e-01
3.086818754673004150e-01
3.088420622050762065e-01
3.084364779293536918e-01
3.087142139673232921e-01
3.083316482603549735e-01
3.083950273692607769e-01
3.085125505924224965e-01
3.085262790322303994e-01
3.084857389330863953e-01
3.087290778756141552e-01
3.083471931517124398e-01
3.084053181111812703e-01
3.082103312015533336e-01
3.086005613207817300e-01
3.083778135478496552e-01
3.081610381603240856e-01
3.082144275307655557e-01
3.081968590617180093e-01
3.080952964723110421e-01
3.079577796161174774e-01
3.080562286078930012e-01
3.079974018037319183e-01
3.080006889998913033e-01
3.078327581286430248e-01
3.075576804578304402e-01
3.077646769583225472e-01
3.076339073479175679e-01
3.074691243469714896e-01
3.078398592770099640e-01
3.075582064688205941e-01
3.078557543456554302e-01
3.073505945503711700e-01
3.075475491583347099e-01
3.075340345501899608e-01
3.072387158870696910e-01
3.072562746703624836e-01
3.074513554573058971e-01
3.074310488998889812e-01
3.075017184019088745e-01
3.075887441635131725e-01
3.073381554335355981e-01
3.071278698742389568e-01
3.071183934807777405e-01
3.071812868118286022e-01
3.074340343475341908e-01
3.069985881447792053e-01
3.068396061658859031e-01
3.070792794227600320e-01
3.070060662925243600e-01
3.073072373867035134e-01
3.070647872984409443e-01
3.069644547998905404e-01
3.068726897239685281e-01
3.069172143936157449e-01
3.067064091563224681e-01
3.068130958825349697e-01
3.066959939897060394e-01
3.067300863564014213e-01
3.066197499632835610e-01
3.067324373871088139e-01
3.066858641803264507e-01
3.069280587136745675e-01
3.064294211566448434e-01
3.064116120338439830e-01
3.064883805811405293e-01
3.066151641309261544e-01
3.066711626946926339e-01
3.062872849404811859e-01
3.061735413968563191e-01
3.065473094582557567e-01
3.062419496476650460e-01
3.061972320079803245e-01
3.061233736574650033e-01
3.060658149421214835e-01
3.061843864619732125e-01
3.061549164354800956e-01
3.061285726726055145e-01
3.061778701841831318e-01
3.062147349119186401e-01
3.062456294894218556e-01
3.060455203056335338e-01
3.060893505811691506e-01
3.059376724064349906e-01
3.058219257742166297e-01
3.059000775218009838e-01
3.057406656444072723e-01
3.056543074548244698e-01
3.057133205235004203e-01
3.060972668230533822e-01
3.057357482612133026e-01
3.056022495031356923e-01
3.056389294564724191e-01
3.058119956403970718e-01
3.056388996541500314e-01
3.053943157196045144e-01
3.056577779352664948e-01
3.058359362185001373e-01
3.051252916455268749e-01
3.054129175841808208e-01
3.053719185292720906e-01
3.054307729005813488e-01
3.053841270506382211e-01
3.055294647812843434e-01
3.051525212824344746e-01
3.056804560124873893e-01
3.056301407516002766e-01
3.055206455290317424e-01
3.052778292447328456e-01
3.051846481859684102e-01
3.050759792327880637e-01
3.052537448704242817e-01
3.050562523305416218e-01
3.050399810075760110e-01
3.052102483808994404e-01
3.052351303398609383e-01
3.048978395760059135e-01
3.051749818027019723e-01
3.049342066049575695e-01
3.050057753920555337e-01
3.049917899072170369e-01
3.049891069531440735e-01
3.047713078558444977e-01
3.051112748682499043e-01
3.049425482749938965e-01
3.046615272760391235e-01
3.049342259764671326e-01
3.046756848692894204e-01
3.047001592814922444e-01
3.046174727380275837e-01
3.044432461261749046e-01
3.048149488866329082e-01
3.047074709087610467e-01
3.045032270252704398e-01
3.045131653547287209e-01
3.046368677169084549e-01
3.046759657561778911e-01
3.045238181948661804e-01
3.047167450189590676e-01
3.043755494058132394e-01
3.043199352920055167e-01
3.041894737631082313e-01
3.043007172644138225e-01
3.042932778596877941e-01
3.044346481561660545e-01
3.043244734406471141e-01
3.041768334805965424e-01
3.041152529418468253e-01
3.042014330625534280e-01
3.045312941074371227e-01
3.043135501444339530e-01
3.041345901787281258e-01
3.040366102010011451e-01
3.040758613497018814e-01
3.039208609610796197e-01
3.040097929537296517e-01
3.040845654904842377e-01
3.040032751858234294e-01
3.038898594677448273e-01
3.044114470481872337e-01
3.039230547845363506e-01
3.038008265197277291e-01
3.039612263441086037e-01
3.037506885826587455e-01
3.036532320082187542e-01
3.036290548741817363e-01
3.037682570517062919e-01
3.035987243056297302e-01
3.038161791861057059e-01
3.037353266030550225e-01
3.039709471166133770e-01
3.038426756858825795e-01
3.037257693707943185e-01
3.037536203861236350e-01
3.037614345550537220e-01
3.035372808575630410e-01
3.036333847790956275e-01
3.033698581159114949e-01
3.033521376550197823e-01
3.033778026700019725e-01
3.036142002791166195e-01
3.034153692424297333e-01
3.034005407243967056e-01
3.035220168530941010e-01
3.034054309129715077e-01
3.032973095774650352e-01
3.032928764820098655e-01
3.033743880689144246e-01
3.032154716551304086e-01
3.032393254339694755e-01
3.031964235007763020e-01
3.030808642506599426e-01
3.030746191740035789e-01
3.031547147780656593e-01
3.031373903155326621e-01
3.031034529209136741e-01
3.033390767872333749e-01
3.032335385680198780e-01
3.032555431127548218e-01
3.032405577600002511e-01
3.029091596603393777e-01
3.030322898179292901e-01
3.028614625334739574e-01
3.031706079840660317e-01
3.029871396720409393e-01
3.029710561037063377e-01
3.029823549091815726e-01
3.028014592826366314e-01
3.028863385319710000e-01
3.028971008956432565e-01
3.028677836060523765e-01
3.028512228280305640e-01
3.030676797032356151e-01
3.027154885232448689e-01
3.028024651110172161e-01
3.027588576078414917e-01
3.025383397936821095e-01
3.026456885039806588e-01
3.026211593300104363e-01
3.027166284620761982e-01
3.026526287198066933e-01
3.026988964527845272e-01
3.027507126331329124e-01
3.024242937564849965e-01
3.023743718862533791e-01
3.026323311030864605e-01
3.026285111904144509e-01
3.024376153945922963e-01
3.025479018688201904e-01
3.024628579616546742e-01
3.024971045553684346e-01
3.022202663123607635e-01
3.021297276020050160e-01
3.026829004287719949e-01
3.024688094854354747e-01
3.022070161998272053e-01
3.022787585854530557e-01
3.021402746438980325e-01
3.020442716777324565e-01
3.022122800350189320e-01
3.020966090261936188e-01
3.023440517485141976e-01
3.020852446556091531e-01
3.022536709904670715e-01
3.019022159278392792e-01
3.020142592489719613e-01
3.020475648343562969e-01
3.019537575542926566e-01
3.021761551499366760e-01
3.021224357187747844e-01
3.023076079785823600e-01
3.016946397721767537e-01
3.021433547139167897e-01
3.019794456660747639e-01
3.017891168594360463e-01
3.018951691687107308e-01
3.017262563109397999e-01
3.017171494662761466e-01
3.019377179443836212e-01
3.015909723937511555e-01
3.018493115901946799e-01
3.016251828521490097e-01
3.017236806452274211e-01
3.018722258508205192e-01
3.017678245902061240e-01
3.019222378730773704e-01
3.014851607382297294e-01
3.017482154071330913e-01
3.015184991061687358e-01
3.017451986670494080e-01
3.019318826496600883e-01
3.018158018589019997e-01
3.016410015523433574e-01
3.015467226505279541e-01
3.013903614133596198e-01
3.015539661049843057e-01
3.014855314046144263e-01
3.013791531324386819e-01
3.015861772000789642e-01
3.015230152755975501e-01
3.012725740671157726e-01
3.015356935560703500e-01
3.014735914766788483e-01
3.014013320207595825e-01
3.013253144919872395e-01
3.011459875851869583e-01
3.014396838843822479e-01
3.011132687330245750e-01
3.014390550553798787e-01
3.015810929238796345e-01
3.010334521532058716e-01
3.011052723973989265e-01
3.011681638658046944e-01
3.011607930064201244e-01
3.014209210872650369e-01
3.009981654584407695e-01
3.010386433452367783e-01
3.012583009898662789e-01
3.012953963130712287e-01
3.008289046585559956e-01
3.010818578302860149e-01
3.010636515915393607e-01
3.008105680346488953e-01
3.010601855814457051e-01
3.009903691709041595e-01
3.007806211709976307e-01
3.010182581841945870e-01
3.010452076792716758e-01
3.009298905730247720e-01
3.009635813534259907e-01
3.007771916687488334e-01
3.007956765592098014e-01
3.009997799992561451e-01
3.009394861757755391e-01
3.007908180356025918e-01
3.009255826473236084e-01
3.011216320097446220e-01
3.008007388561964035e-01
3.007149510085582733e-01
3.007989838719368203e-01
3.010131016373634449e-01
3.009758107364177704e-01
3.006736807525157706e-01
3.008072957396507041e-01
3.005373746156692616e-01
3.006524875760078208e-01
3.007365286350250355e-01
