3.357833325862884521e-01
6.547499895095825195e-01
7.336000204086303711e-01
7.674666643142700195e-01
7.871000170707702637e-01
8.011500239372253418e-01
8.097000122070312500e-01
8.169999718666076660e-01
8.237166404724121094e-01
8.283333182334899902e-01
8.331166505813598633e-01
8.363999724388122559e-01
8.396000266075134277e-01
8.424833416938781738e-01
8.443666696548461914e-01
8.465666770935058594e-01
8.487166762351989746e-01
8.500499725341796875e-01
8.526999950408935547e-01
8.540333509445190430e-01
8.553833365440368652e-01
8.566333055496215820e-01
8.575500249862670898e-01
8.585666418075561523e-01
8.602333068847656250e-01
8.608000278472900391e-01
8.618666529655456543e-01
8.624500036239624023e-01
8.641666769981384277e-01
8.644666671752929688e-01
8.653166890144348145e-01
8.661166429519653320e-01
8.672833442687988281e-01
8.683166503906250000e-01
8.690500259399414062e-01
8.695999979972839355e-01
8.699666857719421387e-01
8.713499903678894043e-01
8.717333078384399414e-01
8.726999759674072266e-01
8.731666803359985352e-01
8.733833432197570801e-01
8.737666606903076172e-01
8.750333189964294434e-01
8.750000000000000000e-01
8.758333325386047363e-01
8.759666681289672852e-01
8.761333227157592773e-01
8.770166635513305664e-01
8.773499727249145508e-01
8.779666423797607422e-01
8.782666921615600586e-01
8.785833120346069336e-01
8.791166543960571289e-01
8.798499703407287598e-01
8.792499899864196777e-01
8.801333308219909668e-01
8.801833391189575195e-01
8.814166784286499023e-01
8.813666701316833496e-01
8.820000290870666504e-01
8.819666504859924316e-01
8.820833563804626465e-01
8.825666904449462891e-01
8.827499747276306152e-01
8.831333518028259277e-01
8.833500146865844727e-01
8.840166926383972168e-01
8.838666677474975586e-01
8.840000033378601074e-01
8.843833208084106445e-01
8.848500251770019531e-01
8.846499919891357422e-01
8.853999972343444824e-01
8.849833607673645020e-01
8.859333395957946777e-01
8.858500123023986816e-01
8.862166404724121094e-01
8.866333365440368652e-01
8.865000009536743164e-01
8.865333199501037598e-01
8.868499994277954102e-01
8.872666954994201660e-01
8.873666524887084961e-01
8.873666524887084961e-01
8.873333334922790527e-01
8.874999880790710449e-01
8.878999948501586914e-01
8.881499767303466797e-01
8.881999850273132324e-01
8.886166810989379883e-01
8.882833123207092285e-01
8.890666961669921875e-01
8.885499835014343262e-01
8.888999819755554199e-01
8.889166712760925293e-01
8.890333175659179688e-01
8.896666765213012695e-01
8.897666931152343750e-01
8.896833062171936035e-01
8.894500136375427246e-01
8.899999856948852539e-01
8.902333378791809082e-01
8.900166749954223633e-01
8.901833295822143555e-01
8.905666470527648926e-01
8.903333544731140137e-01
8.908333182334899902e-01
8.912000060081481934e-01
8.911666870117187500e-01
8.908333182334899902e-01
8.910166621208190918e-01
8.909000158309936523e-01
8.914166688919067383e-01
8.914666771888732910e-01
8.919833302497863770e-01
8.912833333015441895e-01
8.919333219528198242e-01
8.922666907310485840e-01
8.921166658401489258e-01
8.923333287239074707e-01
8.919000029563903809e-01
8.922166824340820312e-01
8.923666477203369141e-01
8.924333453178405762e-01
8.924999833106994629e-01
8.929333090782165527e-01
8.927500247955322266e-01
8.930833339691162109e-01
8.927999734878540039e-01
8.933333158493041992e-01
8.933833241462707520e-01
8.934999704360961914e-01
8.933500051498413086e-01
8.938833475112915039e-01
8.934500217437744141e-01
8.939999938011169434e-01
8.937666416168212891e-01
8.938166499137878418e-01
8.933333158493041992e-01
8.937166929244995117e-01
8.936333060264587402e-01
8.942999839782714844e-01
8.948000073432922363e-01
8.940666913986206055e-01
8.948000073432922363e-01
8.945166468620300293e-01
8.945666551589965820e-01
8.946499824523925781e-01
8.948500156402587891e-01
8.949499726295471191e-01
8.951166868209838867e-01
8.947833180427551270e-01
8.952333331108093262e-01
8.957999944686889648e-01
8.957666754722595215e-01
8.954333066940307617e-01
8.956666588783264160e-01
8.956666588783264160e-01
8.955500125885009766e-01
8.952166438102722168e-01
8.955000042915344238e-01
8.959333300590515137e-01
8.958166837692260742e-01
8.957833051681518555e-01
8.955166935920715332e-01
8.959000110626220703e-01
8.962333202362060547e-01
8.963000178337097168e-01
8.955833315849304199e-01
8.963000178337097168e-01
8.958833217620849609e-01
8.963166475296020508e-01
8.960000276565551758e-01
8.969500064849853516e-01
8.970833420753479004e-01
8.965499997138977051e-01
8.971499800682067871e-01
8.974999785423278809e-01
8.969500064849853516e-01
8.969666957855224609e-01
8.971499800682067871e-01
8.970999717712402344e-01
8.970833420753479004e-01
8.975333571434020996e-01
8.974499702453613281e-01
8.972833156585693359e-01
8.971999883651733398e-01
8.973833322525024414e-01
8.973500132560729980e-01
8.974000215530395508e-01
8.977666497230529785e-01
8.977666497230529785e-01
8.977000117301940918e-01
8.974333405494689941e-01
8.978166580200195312e-01
8.980000019073486328e-01
8.981000185012817383e-01
8.979499936103820801e-01
8.977500200271606445e-01
8.983333110809326172e-01
8.979666829109191895e-01
8.977166414260864258e-01
8.979833126068115234e-01
8.982333540916442871e-01
8.986333608627319336e-01
8.980000019073486328e-01
8.982833623886108398e-01
8.985166549682617188e-01
8.982166647911071777e-01
8.982333540916442871e-01
8.986499905586242676e-01
8.985833525657653809e-01
8.985333442687988281e-01
8.987666964530944824e-01
8.991500139236450195e-01
8.984333276748657227e-01
8.986666798591613770e-01
8.985000252723693848e-01
8.991833329200744629e-01
8.988999724388122559e-01
8.989499807357788086e-01
8.991666436195373535e-01
8.986166715621948242e-01
8.992333412170410156e-01
8.991166949272155762e-01
8.988166451454162598e-01
8.989333510398864746e-01
8.997333049774169922e-01
8.986833095550537109e-01
8.992833495140075684e-01
8.995500206947326660e-01
8.992333412170410156e-01
8.992499709129333496e-01
8.991833329200744629e-01
8.995000123977661133e-01
8.992999792098999023e-01
8.996333479881286621e-01
8.992166519165039062e-01
8.995666503906250000e-01
8.993999958038330078e-01
8.998833298683166504e-01
8.991000056266784668e-01
8.997666835784912109e-01
8.995833396911621094e-01
9.002000093460083008e-01
8.997333049774169922e-01
8.997166752815246582e-01
8.995833396911621094e-01
8.994500041007995605e-01
9.000499844551086426e-01
8.996000289916992188e-01
9.002333283424377441e-01
8.996999859809875488e-01
9.000499844551086426e-01
9.001666903495788574e-01
9.006999731063842773e-01
8.998000025749206543e-01
9.006833434104919434e-01
9.000833630561828613e-01
9.002666473388671875e-01
9.003333449363708496e-01
9.003333449363708496e-01
9.005333185195922852e-01
9.003166556358337402e-01
9.001833200454711914e-01
9.003333449363708496e-01
9.002166390419006348e-01
9.005833268165588379e-01
8.999999761581420898e-01
9.005666375160217285e-01
9.003666639328002930e-01
9.000833630561828613e-01
9.004666805267333984e-01
9.012500047683715820e-01
9.006333351135253906e-01
9.009666442871093750e-01
9.006000161170959473e-01
9.007499814033508301e-01
9.008166790008544922e-01
9.006666541099548340e-01
9.011999964714050293e-01
9.007666707038879395e-01
9.007833600044250488e-01
9.007666707038879395e-01
9.010166525840759277e-01
9.007833600044250488e-01
9.006500244140625000e-01
9.010333418846130371e-01
9.006833434104919434e-01
9.010833501815795898e-01
9.009000062942504883e-01
9.009500145912170410e-01
9.010499715805053711e-01
9.010333418846130371e-01
9.010499715805053711e-01
9.011333584785461426e-01
9.009000062942504883e-01
9.013000130653381348e-01
9.006833434104919434e-01
9.013666510581970215e-01
9.010000228881835938e-01
9.014499783515930176e-01
9.014000296592712402e-01
9.014499783515930176e-01
9.014999866485595703e-01
9.016500115394592285e-01
9.015333056449890137e-01
9.016666412353515625e-01
9.011166691780090332e-01
9.012333154678344727e-01
9.015333056449890137e-01
9.016166925430297852e-01
9.012166857719421387e-01
9.018666744232177734e-01
9.011499881744384766e-01
9.015833139419555664e-01
9.018499851226806641e-01
9.014499783515930176e-01
9.014000296592712402e-01
9.019666910171508789e-01
9.015499949455261230e-01
9.016000032424926758e-01
9.020166397094726562e-01
9.015333056449890137e-01
9.018333554267883301e-01
9.017166495323181152e-01
9.022333621978759766e-01
9.016833305358886719e-01
9.018499851226806641e-01
9.019166827201843262e-01
9.017833471298217773e-01
9.019500017166137695e-01
9.022833108901977539e-01
9.020833373069763184e-01
9.018999934196472168e-01
9.017666578292846680e-01
9.022166728973388672e-01
9.018833041191101074e-01
9.021499752998352051e-01
9.018833041191101074e-01
9.018499851226806641e-01
9.019666910171508789e-01
9.020833373069763184e-01
9.021999835968017578e-01
9.017333388328552246e-01
9.022666811943054199e-01
9.024666547775268555e-01
9.020000100135803223e-01
9.020666480064392090e-01
9.021166563034057617e-01
9.023666381835937500e-01
9.026333093643188477e-01
9.021833539009094238e-01
9.027500152587890625e-01
9.023833274841308594e-01
9.026666879653930664e-01
9.024333357810974121e-01
9.025333523750305176e-01
9.019500017166137695e-01
9.023333191871643066e-01
9.024333357810974121e-01
9.026166796684265137e-01
9.029666781425476074e-01
9.028499722480773926e-01
9.021833539009094238e-01
9.026166796684265137e-01
9.025166630744934082e-01
9.028000235557556152e-01
9.029499888420104980e-01
9.028666615486145020e-01
9.024333357810974121e-01
9.023833274841308594e-01
9.025166630744934082e-01
9.027833342552185059e-01
9.026666879653930664e-01
9.026499986648559570e-01
9.030666947364807129e-01
9.027000069618225098e-01
9.025833606719970703e-01
9.027000069618225098e-01
9.029166698455810547e-01
9.028333425521850586e-01
9.028499722480773926e-01
9.028666615486145020e-01
9.027000069618225098e-01
9.025333523750305176e-01
9.030500054359436035e-01
9.027166962623596191e-01
9.027500152587890625e-01
9.027166962623596191e-01
9.029166698455810547e-01
9.027333259582519531e-01
9.035166501998901367e-01
9.028833508491516113e-01
9.028666615486145020e-01
9.029166698455810547e-01
9.031000137329101562e-01
9.022833108901977539e-01
9.031000137329101562e-01
9.028000235557556152e-01
9.027833342552185059e-01
9.029333591461181641e-01
9.029166698455810547e-01
9.026166796684265137e-01
9.031000137329101562e-01
9.032166600227355957e-01
9.028833508491516113e-01
9.033666849136352539e-01
9.028833508491516113e-01
9.033499956130981445e-01
9.024666547775268555e-01
9.030333161354064941e-01
9.029833078384399414e-01
9.035833477973937988e-01
9.031000137329101562e-01
9.031166434288024902e-01
9.030833244323730469e-01
9.033499956130981445e-01
9.029499888420104980e-01
9.033833146095275879e-01
9.032166600227355957e-01
9.034000039100646973e-01
9.034000039100646973e-01
9.030666947364807129e-01
9.030500054359436035e-01
9.029166698455810547e-01
9.028666615486145020e-01
9.033499956130981445e-01
9.035166501998901367e-01
9.033833146095275879e-01
9.033166766166687012e-01
9.035166501998901367e-01
9.032666683197021484e-01
9.032166600227355957e-01
9.037666916847229004e-01
9.036833047866821289e-01
9.033499956130981445e-01
9.034666419029235840e-01
9.037666916847229004e-01
9.034000039100646973e-01
9.030833244323730469e-01
9.039499759674072266e-01
9.036499857902526855e-01
9.031833410263061523e-01
9.036666750907897949e-01
9.040166735649108887e-01
9.036833047866821289e-01
9.035999774932861328e-01
9.039166569709777832e-01
9.031833410263061523e-01
9.033166766166687012e-01
9.038333296775817871e-01
9.034500122070312500e-01
9.036999940872192383e-01
9.037166833877563477e-01
9.036666750907897949e-01
9.041000008583068848e-01
9.037666916847229004e-01
9.039000272750854492e-01
9.038666486740112305e-01
9.037333130836486816e-01
9.037833213806152344e-01
9.042333364486694336e-01
9.038000106811523438e-01
9.041833281517028809e-01
9.035333395004272461e-01
9.040833115577697754e-01
9.039833545684814453e-01
9.038833379745483398e-01
9.041166901588439941e-01
9.038333296775817871e-01
9.035333395004272461e-01
9.037333130836486816e-01
9.034833312034606934e-01
9.042333364486694336e-01
9.038500189781188965e-01
9.043833613395690918e-01
9.043666720390319824e-01
9.040166735649108887e-01
9.036666750907897949e-01
9.037500023841857910e-01
9.037166833877563477e-01
9.041166901588439941e-01
9.040166735649108887e-01
9.043999910354614258e-01
9.039166569709777832e-01
9.041666388511657715e-01
9.042666554450988770e-01
9.040666818618774414e-01
9.041500091552734375e-01
9.037666916847229004e-01
9.045666456222534180e-01
9.042833447456359863e-01
9.038166403770446777e-01
9.043333530426025391e-01
9.036999940872192383e-01
9.041000008583068848e-01
9.039833545684814453e-01
9.043499827384948730e-01
9.037166833877563477e-01
9.043333530426025391e-01
9.040166735649108887e-01
9.042166471481323242e-01
9.044666886329650879e-01
9.045000076293945312e-01
9.042500257492065430e-01
9.041166901588439941e-01
9.046666622161865234e-01
9.045166373252868652e-01
9.040833115577697754e-01
9.041166901588439941e-01
9.041000008583068848e-01
9.044166803359985352e-01
9.041333198547363281e-01
9.043499827384948730e-01
9.043999910354614258e-01
9.042666554450988770e-01
9.042999744415283203e-01
9.045500159263610840e-01
9.043666720390319824e-01
9.047333598136901855e-01
9.044499993324279785e-01
9.046166539192199707e-01
9.043666720390319824e-01
9.046000242233276367e-01
9.044833183288574219e-01
9.041666388511657715e-01
9.048166871070861816e-01
9.045000076293945312e-01
9.045333266258239746e-01
9.041500091552734375e-01
9.042999744415283203e-01
9.046000242233276367e-01
9.042333364486694336e-01
9.044333100318908691e-01
9.047166705131530762e-01
9.046666622161865234e-01
9.041000008583068848e-01
9.048500061035156250e-01
9.042500257492065430e-01
9.049833416938781738e-01
9.044666886329650879e-01
9.042999744415283203e-01
9.046166539192199707e-01
9.044333100318908691e-01
9.047833085060119629e-01
9.048833250999450684e-01
9.046333432197570801e-01
9.041333198547363281e-01
9.045500159263610840e-01
9.050666689872741699e-01
9.042166471481323242e-01
9.048666954040527344e-01
9.047666788101196289e-01
9.045333266258239746e-01
9.046499729156494141e-01
9.047499895095825195e-01
9.043333530426025391e-01
9.049500226974487305e-01
9.046333432197570801e-01
9.049833416938781738e-01
9.048500061035156250e-01
9.047166705131530762e-01
9.045333266258239746e-01
9.045333266258239746e-01
9.050999879837036133e-01
9.047166705131530762e-01
9.047666788101196289e-01
9.051833152770996094e-01
9.045500159263610840e-01
9.048833250999450684e-01
9.047499895095825195e-01
9.050166606903076172e-01
9.048166871070861816e-01
9.049166440963745117e-01
9.046833515167236328e-01
9.047166705131530762e-01
9.048333168029785156e-01
9.050833582878112793e-01
9.049000144004821777e-01
9.047666788101196289e-01
9.051666855812072754e-01
9.052833318710327148e-01
9.049166440963745117e-01
9.049666523933410645e-01
9.052166938781738281e-01
9.051666855812072754e-01
9.044666886329650879e-01
9.049666523933410645e-01
9.052833318710327148e-01
9.047499895095825195e-01
9.049333333969116211e-01
9.049500226974487305e-01
9.046999812126159668e-01
9.044166803359985352e-01
9.050833582878112793e-01
9.049333333969116211e-01
9.054499864578247070e-01
9.050999879837036133e-01
9.048666954040527344e-01
9.047499895095825195e-01
9.049333333969116211e-01
9.056000113487243652e-01
9.047833085060119629e-01
9.056500196456909180e-01
9.048333168029785156e-01
9.048333168029785156e-01
9.052166938781738281e-01
9.048666954040527344e-01
9.053333401679992676e-01
9.052666425704956055e-01
9.053333401679992676e-01
9.047666788101196289e-01
9.050666689872741699e-01
9.054499864578247070e-01
9.049000144004821777e-01
9.054333567619323730e-01
9.056833386421203613e-01
9.051833152770996094e-01
9.054333567619323730e-01
9.054499864578247070e-01
9.053999781608581543e-01
9.052333235740661621e-01
9.057333469390869141e-01
9.049833416938781738e-01
9.055166840553283691e-01
9.051333069801330566e-01
9.054499864578247070e-01
9.047833085060119629e-01
9.050833582878112793e-01
9.047166705131530762e-01
9.052833318710327148e-01
9.053999781608581543e-01
9.054666757583618164e-01
9.052166938781738281e-01
9.053166508674621582e-01
9.053666591644287109e-01
9.050833582878112793e-01
9.054333567619323730e-01
9.057666659355163574e-01
9.057999849319458008e-01
9.053166508674621582e-01
9.051833152770996094e-01
9.054166674613952637e-01
9.053333401679992676e-01
9.050833582878112793e-01
9.054833054542541504e-01
9.056833386421203613e-01
9.055166840553283691e-01
9.052666425704956055e-01
9.054166674613952637e-01
9.057166576385498047e-01
9.052833318710327148e-01
9.054666757583618164e-01
9.054999947547912598e-01
9.050833582878112793e-01
9.057000279426574707e-01
9.051833152770996094e-01
9.056833386421203613e-01
9.058166742324829102e-01
9.053666591644287109e-01
9.053500294685363770e-01
9.057333469390869141e-01
9.055833220481872559e-01
9.056166410446166992e-01
9.057999849319458008e-01
9.052666425704956055e-01
9.058499932289123535e-01
9.054333567619323730e-01
9.053666591644287109e-01
9.052333235740661621e-01
9.056166410446166992e-01
9.056166410446166992e-01
9.056166410446166992e-01
9.054333567619323730e-01
9.054833054542541504e-01
9.052166938781738281e-01
9.057000279426574707e-01
9.057166576385498047e-01
9.058499932289123535e-01
9.057666659355163574e-01
9.055500030517578125e-01
9.058833122253417969e-01
9.054333567619323730e-01
9.058333039283752441e-01
9.056000113487243652e-01
9.062666893005371094e-01
9.064333438873291016e-01
9.058166742324829102e-01
9.052833318710327148e-01
9.054833054542541504e-01
9.056166410446166992e-01
9.057166576385498047e-01
9.054666757583618164e-01
9.055833220481872559e-01
9.061166644096374512e-01
9.055166840553283691e-01
9.058333039283752441e-01
9.056833386421203613e-01
9.053666591644287109e-01
9.057166576385498047e-01
9.059000015258789062e-01
9.056000113487243652e-01
9.064333438873291016e-01
9.056500196456909180e-01
9.053666591644287109e-01
9.060166478157043457e-01
9.058333039283752441e-01
9.059000015258789062e-01
9.057333469390869141e-01
9.056500196456909180e-01
9.054666757583618164e-01
9.059666395187377930e-01
9.059333205223083496e-01
9.063666462898254395e-01
9.055166840553283691e-01
9.058499932289123535e-01
9.061499834060668945e-01
9.056833386421203613e-01
9.059333205223083496e-01
9.058333039283752441e-01
9.056833386421203613e-01
9.059000015258789062e-01
9.062500000000000000e-01
9.057000279426574707e-01
9.059500098228454590e-01
9.057000279426574707e-01
9.058499932289123535e-01
9.058166742324829102e-01
9.063833355903625488e-01
9.057999849319458008e-01
9.060833454132080078e-01
9.062166810035705566e-01
9.059833288192749023e-01
9.058666825294494629e-01
9.059333205223083496e-01
9.056166410446166992e-01
9.061333537101745605e-01
9.058833122253417969e-01
9.059500098228454590e-01
9.063166379928588867e-01
9.059500098228454590e-01
9.061166644096374512e-01
9.057999849319458008e-01
9.061833620071411133e-01
9.055333137512207031e-01
9.058666825294494629e-01
9.061666727066040039e-01
9.061333537101745605e-01
9.062166810035705566e-01
9.054666757583618164e-01
9.062833189964294434e-01
9.061333537101745605e-01
9.057166576385498047e-01
9.063666462898254395e-01
9.059666395187377930e-01
9.061166644096374512e-01
9.060833454132080078e-01
9.062500000000000000e-01
9.063166379928588867e-01
9.064000248908996582e-01
9.058166742324829102e-01
9.064166545867919922e-01
9.063166379928588867e-01
9.058166742324829102e-01
9.061833620071411133e-01
9.061999917030334473e-01
9.063166379928588867e-01
9.059166908264160156e-01
9.059166908264160156e-01
9.057833552360534668e-01
9.064666628837585449e-01
9.057666659355163574e-01
9.061333537101745605e-01
9.060999751091003418e-01
9.060500264167785645e-01
9.061499834060668945e-01
9.060833454132080078e-01
9.064833521842956543e-01
9.062666893005371094e-01
9.060500264167785645e-01
9.060833454132080078e-01
9.061333537101745605e-01
9.063166379928588867e-01
9.064000248908996582e-01
9.056166410446166992e-01
9.065333604812622070e-01
9.062333106994628906e-01
9.066333174705505371e-01
9.059833288192749023e-01
9.063500165939331055e-01
9.064333438873291016e-01
9.059500098228454590e-01
9.059500098228454590e-01
9.064499735832214355e-01
9.057999849319458008e-01
9.064499735832214355e-01
9.060999751091003418e-01
9.060999751091003418e-01
